0.122040 0.992525 -0.000614 0.000000
-0.325691 0.040631 0.944603 0.000000
0.937567 -0.115079 0.328215 0.000000
0.000000 0.000000 0.000000 1.000000