0.128162 0.991675 -0.012485 0.000000
-0.346146 0.056526 0.936476 0.000000
0.929385 -0.115699 0.350509 0.000000
0.000000 0.000000 0.000000 1.000000