0.130804 0.991345 -0.011216 0.000000
-0.385543 0.061287 0.920652 0.000000
0.913371 -0.116101 0.390222 0.000000
0.000000 0.000000 0.000000 1.000000