0.217775 0.975995 0.002953 0.000000
-0.738919 0.162898 0.653807 0.000000
0.637631 -0.144565 0.756656 0.000000
0.000000 0.000000 0.000000 1.000000