0.225448 0.974253 0.001906 0.000000
-0.738253 0.169558 0.652865 0.000000
0.635732 -0.148594 0.757472 0.000000
0.000000 0.000000 0.000000 1.000000