0.219634 0.975580 -0.002237 0.000000
-0.751274 0.170597 0.637562 0.000000
0.622374 -0.138349 0.770396 0.000000
0.000000 0.000000 0.000000 1.000000