0.211631 0.977328 -0.006557 0.000000
-0.756466 0.168047 0.632076 0.000000
0.618847 -0.128807 0.774879 0.000000
0.000000 0.000000 0.000000 1.000000